{
** IGNORE ** for testing purposes
}
